690.471 6.87265 423.27 5.56837 155.097 4.27672
6.87265 4.99829 8.60569 2.20652 7.91461 0.908675
423.27 8.60569 1067.79 3.4948 689.366 2.32868
5.56837 2.20652 3.4948 5.36939 4.07747 3.13004
155.097 7.91461 689.366 4.07747 1553.12 -2.15426
4.27672 0.908675 2.32868 3.13004 -2.15426 6.90897
