690.471 423.27 155.097 6.87265 5.56837 4.27672
423.27 1067.79 689.366 8.60569 3.4948 2.32868
155.097 689.366 1553.12 7.91461 4.07747 -2.15426
6.87265 8.60569 7.91461 4.99829 2.20652 0.908675
5.56837 3.4948 4.07747 2.20652 5.36939 3.13004
4.27672 2.32868 -2.15426 0.908675 3.13004 6.90897
